{
  "camera_angle_x": 0.5991700554887117,
  "camera_angle_y": 1.002474177774634,
  "fl_x": 1165.4950246884566,
  "fl_y": 1168.075324693825,
  "k1": 0.10620083975642236,
  "k2": -0.16122112173178224,
  "p1": -0.00032913414769275773,
  "p2": -0.0007941687648871006,
  "cx": 359.52165770010424,
  "cy": 631.868067762662,
  "w": 720.0,
  "h": 1280.0,
  "aabb_scale": 4,
  "frames": [
    {
      "file_path": "./images/0064.jpg",
      "sharpness": 25.48008572034365,
      "transform_matrix": [
        [
          0.26446033399734953,
          -0.36357316791756356,
          0.8932386485797899,
          1.6022927039858275
        ],
        [
          0.9019569144950381,
          0.42110145841574514,
          -0.09564144559138697,
          0.3543114843848613
        ],
        [
          -0.34137143427238303,
          0.8309561440258328,
          0.43929196506751106,
          0.5089264987364025
        ],
        [
          0.0,
          0.0,
          0.0,
          1.0
        ]
      ]
    },
    {
      "file_path": "./images/0056.jpg",
      "sharpness": 49.000663219833385,
      "transform_matrix": [
        [
          0.37148513894199636,
          -0.3033386584000879,
          0.8774875781853169,
          1.8107977086583886
        ],
        [
          0.8749893448813262,
          0.43043401463651576,
          -0.22163078619209728,
          0.21497188744541643
        ],
        [
          -0.310471315728312,
          0.8501248245802671,
          0.42531793372328064,
          0.6999803815663859
        ],
        [
          0.0,
          0.0,
          0.0,
          1.0
        ]
      ]
    },
    {
      "file_path": "./images/0063.jpg",
      "sharpness": 22.46364789891655,
      "transform_matrix": [
        [
          0.26380127259574687,
          -0.36494038469996665,
          0.8928759175810248,
          1.534953708989876
        ],
        [
          0.8997569236736868,
          0.42670625974254195,
          -0.09142891335830855,
          0.39027251730185564
        ],
        [
          -0.3476296403915081,
          0.8274903525209913,
          0.44092329220658766,
          0.47083055140925373
        ],
        [
          0.0,
          0.0,
          0.0,
          1.0
        ]
      ]
    },
    {
      "file_path": "./images/0057.jpg",
      "sharpness": 36.40769048769798,
      "transform_matrix": [
        [
          0.26304291666252017,
          -0.3468169648329206,
          0.9002924063336353,
          1.6724166290608067
        ],
        [
          0.9080753143573058,
          0.40421055649664156,
          -0.10960405773347359,
          0.2946159894764633
        ],
        [
          -0.32589514793732377,
          0.8463638809191715,
          0.42126064809175806,
          0.682877338775547
        ],
        [
          0.0,
          0.0,
          0.0,
          1.0
        ]
      ]
    },
    {
      "file_path": "./images/0062.jpg",
      "sharpness": 22.746938753451843,
      "transform_matrix": [
        [
          0.2601647793230446,
          -0.36506235377288226,
          0.8938924798105456,
          1.526865180896635
        ],
        [
          0.9020453346202673,
          0.4221235359247355,
          -0.0901439665662432,
          0.3938211222951091
        ],
        [
          -0.34442488570106106,
          0.8297838262342548,
          0.4391244696372441,
          0.47142487210383827
        ],
        [
          0.0,
          0.0,
          0.0,
          1.0
        ]
      ]
    },
    {
      "file_path": "./images/0058.jpg",
      "sharpness": 27.120799434990364,
      "transform_matrix": [
        [
          0.2600194881918584,
          -0.3783385116784119,
          0.8883973414782713,
          1.5721840133078078
        ],
        [
          0.9012016558012321,
          0.42546030132454477,
          -0.08257788794848508,
          0.40749484062198627
        ],
        [
          -0.3467354053772933,
          0.8220970153099605,
          0.45158726297432067,
          0.6230277101326833
        ],
        [
          0.0,
          0.0,
          0.0,
          1.0
        ]
      ]
    },
    {
      "file_path": "./images/0061.jpg",
      "sharpness": 19.732879715229558,
      "transform_matrix": [
        [
          0.2367772187750567,
          -0.3820506645628146,
          0.8932938141398457,
          1.4787597654402498
        ],
        [
          0.9053942283138203,
          0.42027700074664337,
          -0.06023731384710954,
          0.41208620199908036
        ],
        [
          -0.35241713920545675,
          0.8230458871498535,
          0.4454184859705444,
          0.4690617772346022
        ],
        [
          0.0,
          0.0,
          0.0,
          1.0
        ]
      ]
    },
    {
      "file_path": "./images/0060.jpg",
      "sharpness": 16.80353271257848,
      "transform_matrix": [
        [
          0.2322500942800644,
          -0.39444522638818047,
          0.8890854048350645,
          1.4303881362781736
        ],
        [
          0.9018795574019728,
          0.42963929490401803,
          -0.044981554162646854,
          0.44545965519876674
        ],
        [
          -0.3642432671278131,
          0.8122949216003404,
          0.45552585294217174,
          0.4441728943175556
        ],
        [
          0.0,
          0.0,
          0.0,
          1.0
        ]
      ]
    },
    {
      "file_path": "./images/0059.jpg",
      "sharpness": 18.10325179344343,
      "transform_matrix": [
        [
          0.24773424634136762,
          -0.3888615190151101,
          0.8873637710787995,
          1.4751849108692983
        ],
        [
          0.8998704387899462,
          0.43172301519913703,
          -0.062035727927081244,
          0.4579536785516977
        ],
        [
          -0.35897205543368327,
          0.8138808003512341,
          0.45687756154323317,
          0.5200862308918501
        ],
        [
          0.0,
          0.0,
          0.0,
          1.0
        ]
      ]
    },
    {
      "file_path": "./images/0050.jpg",
      "sharpness": 115.36059563012657,
      "transform_matrix": [
        [
          0.7993988947484708,
          0.3732383870519339,
          0.4708019897048503,
          1.8484458605250411
        ],
        [
          0.12433266217390924,
          0.6638889956661478,
          -0.7374230743272339,
          -1.543164858456099
        ],
        [
          -0.5877948589395525,
          0.6480312553159877,
          0.48430640708352835,
          0.7890320240578326
        ],
        [
          0.0,
          0.0,
          0.0,
          1.0
        ]
      ]
    },
    {
      "file_path": "./images/0041.jpg",
      "sharpness": 73.75714644687673,
      "transform_matrix": [
        [
          0.7228207241612107,
          0.6785094166057285,
          0.13097775499934688,
          0.7934695146868472
        ],
        [
          -0.2693013225140956,
          0.45113539036165834,
          -0.8508546628276064,
          -2.377954809102415
        ],
        [
          -0.636401601521747,
          0.5797429008997422,
          0.508813492786155,
          1.8020196576617533
        ],
        [
          0.0,
          0.0,
          0.0,
          1.0
        ]
      ]
    },
    {
      "file_path": "./images/0040.jpg",
      "sharpness": 87.23274409114579,
      "transform_matrix": [
        [
          0.6687714030967585,
          0.7229505690439479,
          0.17345686819286532,
          0.9289161846770968
        ],
        [
          -0.346929762436744,
          0.5098099910894474,
          -0.7872315497495317,
          -2.8091839552997198
        ],
        [
          -0.6575595412885813,
          0.4663005980128575,
          0.5917594122255612,
          2.004918585625685
        ],
        [
          0.0,
          0.0,
          0.0,
          1.0
        ]
      ]
    },
    {
      "file_path": "./images/0042.jpg",
      "sharpness": 59.13047363252875,
      "transform_matrix": [
        [
          0.7744927208778437,
          0.6232840835935302,
          0.10806468641725482,
          0.4260834899802482
        ],
        [
          -0.21147288426924388,
          0.41610991559589006,
          -0.8843821331085988,
          -2.412426950323548
        ],
        [
          -0.5961880949250646,
          0.6620947736427218,
          0.45408178359074725,
          1.3720875024967099
        ],
        [
          0.0,
          0.0,
          0.0,
          1.0
        ]
      ]
    },
    {
      "file_path": "./images/0039.jpg",
      "sharpness": 79.32682303341998,
      "transform_matrix": [
        [
          0.6250954631982114,
          0.7627873754365913,
          0.16556292389246455,
          0.7933508456609136
        ],
        [
          -0.3547166106275535,
          0.46655101838526575,
          -0.8102507472311634,
          -3.5498717338906247
        ],
        [
          -0.6952925916748676,
          0.4477561469384388,
          0.5622122773874901,
          2.250956526886333
        ],
        [
          0.0,
          0.0,
          0.0,
          1.0
        ]
      ]
    },
    {
      "file_path": "./images/0045.jpg",
      "sharpness": 38.95202799069323,
      "transform_matrix": [
        [
          0.8566550143458684,
          0.4739815896452868,
          0.20367532761151771,
          0.6370596603656412
        ],
        [
          0.017082915862625704,
          0.36852502738382564,
          -0.9294608534938241,
          -2.5258541978073277
        ],
        [
          -0.5156067885375121,
          0.7997066692685555,
          0.30760182500395883,
          0.961272392319769
        ],
        [
          0.0,
          0.0,
          0.0,
          1.0
        ]
      ]
    },
    {
      "file_path": "./images/0048.jpg",
      "sharpness": 40.76652957073729,
      "transform_matrix": [
        [
          0.8056452539826193,
          0.383668279327592,
          0.4513694453298076,
          1.460768971258145
        ],
        [
          0.33961892575823355,
          0.32515857723951563,
          -0.8825706118574789,
          -1.8078808898794945
        ],
        [
          -0.4853809946892887,
          0.8643324308905133,
          0.1316614556720099,
          0.287803785042325
        ],
        [
          0.0,
          0.0,
          0.0,
          1.0
        ]
      ]
    },
    {
      "file_path": "./images/0043.jpg",
      "sharpness": 33.95177031182183,
      "transform_matrix": [
        [
          0.8325378453130461,
          0.5393265487255035,
          0.12652118386104172,
          0.14596207421074953
        ],
        [
          -0.10489505503881132,
          0.377735196873335,
          -0.9199527968714235,
          -2.4001770311996133
        ],
        [
          -0.543946471221437,
          0.7526240727523662,
          0.3710515349162795,
          1.041654540592971
        ],
        [
          0.0,
          0.0,
          0.0,
          1.0
        ]
      ]
    },
    {
      "file_path": "./images/0047.jpg",
      "sharpness": 31.98549251556399,
      "transform_matrix": [
        [
          0.834191296324755,
          0.3542509294331027,
          0.4226477967954638,
          1.2630235710294562
        ],
        [
          0.34158307901572227,
          0.26976811558636316,
          -0.9003033732821446,
          -2.139098249809934
        ],
        [
          -0.4329502064551979,
          0.895394573812388,
          0.10403209082813415,
          0.3579987941900563
        ],
        [
          0.0,
          0.0,
          0.0,
          1.0
        ]
      ]
    },
    {
      "file_path": "./images/0046.jpg",
      "sharpness": 39.43619430140625,
      "transform_matrix": [
        [
          0.8647831004994485,
          0.3879539864629188,
          0.318813258009046,
          1.0371523843084398
        ],
        [
          0.20542043230833953,
          0.3060254213267646,
          -0.929597164094275,
          -2.425219840097891
        ],
        [
          -0.458205887221775,
          0.8693906750667901,
          0.1849519370716529,
          0.7317387050589738
        ],
        [
          0.0,
          0.0,
          0.0,
          1.0
        ]
      ]
    },
    {
      "file_path": "./images/0049.jpg",
      "sharpness": 51.30368696281526,
      "transform_matrix": [
        [
          0.8235545343297805,
          0.34207785364290966,
          0.4524827853478741,
          1.6368305641163323
        ],
        [
          0.2230889556117317,
          0.5380843795143712,
          -0.8128324048700248,
          -1.6116255118850424
        ],
        [
          -0.5215258832241878,
          0.7703557246964339,
          0.36682803949398757,
          0.4164371351813149
        ],
        [
          0.0,
          0.0,
          0.0,
          1.0
        ]
      ]
    },
    {
      "file_path": "./images/0038.jpg",
      "sharpness": 72.65818846017223,
      "transform_matrix": [
        [
          0.6206320880851446,
          0.7573361080680636,
          0.20312023695250953,
          0.9917099122122524
        ],
        [
          -0.32436128712573054,
          0.4838186424490241,
          -0.8128402528375485,
          -4.126513647388471
        ],
        [
          -0.7138666308613367,
          0.4385904018990253,
          0.5459238891174065,
          2.3453248433036493
        ],
        [
          0.0,
          0.0,
          0.0,
          1.0
        ]
      ]
    },
    {
      "file_path": "./images/0044.jpg",
      "sharpness": 28.08998351725708,
      "transform_matrix": [
        [
          0.8674255929374707,
          0.4667271026172398,
          0.1724489849313292,
          0.23355051603495944
        ],
        [
          0.00968491341071511,
          0.33068129388751266,
          -0.9436927912860174,
          -2.364055219955968
        ],
        [
          -0.4974726557043787,
          0.8202534325189162,
          0.28232120584842385,
          0.8822250543508837
        ],
        [
          0.0,
          0.0,
          0.0,
          1.0
        ]
      ]
    },
    {
      "file_path": "./images/0037.jpg",
      "sharpness": 74.03803616777584,
      "transform_matrix": [
        [
          0.7177694748250422,
          0.6472683325275042,
          0.2566138864533632,
          1.5271541017854855
        ],
        [
          -0.17316534737850506,
          0.5229137220886243,
          -0.8346106887158765,
          -4.634694077292649
        ],
        [
          -0.6744039912997132,
          0.5546214429331163,
          0.48741595333159105,
          2.0995813904388503
        ],
        [
          0.0,
          0.0,
          0.0,
          1.0
        ]
      ]
    },
    {
      "file_path": "./images/0036.jpg",
      "sharpness": 80.13574379709036,
      "transform_matrix": [
        [
          0.7224602991310136,
          0.5933063299782647,
          0.3550193163639136,
          1.9152568714755231
        ],
        [
          -0.028574449394237346,
          0.5386520343529474,
          -0.8420436370695606,
          -5.170777768606453
        ],
        [
          -0.6908216969853058,
          0.5981986164292242,
          0.4061081115674043,
          1.8593843796959009
        ],
        [
          0.0,
          0.0,
          0.0,
          1.0
        ]
      ]
    },
    {
      "file_path": "./images/0035.jpg",
      "sharpness": 75.72817597927398,
      "transform_matrix": [
        [
          0.7530963709153342,
          0.5824498364922958,
          0.30593797425050606,
          2.3257538892878853
        ],
        [
          -0.03504101936979452,
          0.49986489888959107,
          -0.8653942510900517,
          -5.7171931623506556
        ],
        [
          -0.6569763946139892,
          0.6410048914252439,
          0.3968560773041719,
          1.5901901169244301
        ],
        [
          0.0,
          0.0,
          0.0,
          1.0
        ]
      ]
    },
    {
      "file_path": "./images/0034.jpg",
      "sharpness": 63.41048605918887,
      "transform_matrix": [
        [
          0.7622847331555087,
          0.5407586676225236,
          0.355671265346809,
          2.7414654602169946
        ],
        [
          0.033758515336620123,
          0.5155525874859379,
          -0.8561926723459556,
          -5.855765387315142
        ],
        [
          -0.6463608498699118,
          0.6646695366349439,
          0.37474265680500496,
          1.2961869063140352
        ],
        [
          0.0,
          0.0,
          0.0,
          1.0
        ]
      ]
    },
    {
      "file_path": "./images/0025.jpg",
      "sharpness": 105.92953822698593,
      "transform_matrix": [
        [
          0.0756042673622971,
          -0.16827541010182298,
          0.9828363959052016,
          5.168886223260614
        ],
        [
          0.9832267514257291,
          -0.1514875214962269,
          -0.10157108895657826,
          -0.8935278421641983
        ],
        [
          0.16597936630062035,
          0.9740302444945959,
          0.15399978174199525,
          1.007898244381946
        ],
        [
          0.0,
          0.0,
          0.0,
          1.0
        ]
      ]
    },
    {
      "file_path": "./images/0033.jpg",
      "sharpness": 59.35662651349171,
      "transform_matrix": [
        [
          0.775439478308199,
          0.3613716025601889,
          0.5177877753949403,
          3.158024103874829
        ],
        [
          0.3078761833896492,
          0.49955817569241995,
          -0.8097245734201053,
          -5.672521651513533
        ],
        [
          -0.5512765832013218,
          0.7873069248806267,
          0.27611942136189366,
          1.084159768495984
        ],
        [
          0.0,
          0.0,
          0.0,
          1.0
        ]
      ]
    },
    {
      "file_path": "./images/0027.jpg",
      "sharpness": 98.88241441514286,
      "transform_matrix": [
        [
          0.30467592193643456,
          -0.12707174565163973,
          0.9439413933361969,
          5.186048445967578
        ],
        [
          0.9523041244012642,
          0.022939387922259663,
          -0.3042870998418778,
          -2.3676900995368424
        ],
        [
          0.017012855158564853,
          0.9916282347448244,
          0.12800002664279686,
          0.8821937898411487
        ],
        [
          0.0,
          0.0,
          0.0,
          1.0
        ]
      ]
    },
    {
      "file_path": "./images/0032.jpg",
      "sharpness": 55.125072387383284,
      "transform_matrix": [
        [
          0.7415230302144594,
          0.27789819764020796,
          0.610668639619018,
          3.0629496448012445
        ],
        [
          0.4255974818462975,
          0.5087903041092134,
          -0.7483309494405744,
          -5.491970290389086
        ],
        [
          -0.5186621049496413,
          0.8148036684967965,
          0.2590069549215033,
          1.2444169097763338
        ],
        [
          0.0,
          0.0,
          0.0,
          1.0
        ]
      ]
    },
    {
      "file_path": "./images/0003.jpg",
      "sharpness": 102.36907329975647,
      "transform_matrix": [
        [
          0.21827081301086668,
          -0.0677574317713464,
          0.9735331440847707,
          6.1203103528768015
        ],
        [
          0.9688390102219405,
          -0.10464260910706083,
          -0.22450144015467907,
          -1.3145237771521123
        ],
        [
          0.11708468926308027,
          0.9921989995980152,
          0.04280561576715538,
          0.20767561434206408
        ],
        [
          0.0,
          0.0,
          0.0,
          1.0
        ]
      ]
    },
    {
      "file_path": "./images/0008.jpg",
      "sharpness": 87.92613141516111,
      "transform_matrix": [
        [
          0.017686840653479433,
          0.0008724944481271112,
          0.9998431949187775,
          4.550924057667186
        ],
        [
          0.9870252640913121,
          -0.15962806123710147,
          -0.017320799959801344,
          0.48027315308066204
        ],
        [
          0.15958791844419182,
          0.9871768437434872,
          -0.0036844901460053774,
          -0.6289266514622632
        ],
        [
          0.0,
          0.0,
          0.0,
          1.0
        ]
      ]
    },
    {
      "file_path": "./images/0006.jpg",
      "sharpness": 78.56664060448539,
      "transform_matrix": [
        [
          0.09752999151015626,
          -0.06606573432245669,
          0.9930373706506294,
          5.385205274643819
        ],
        [
          0.9870783908588762,
          -0.12104435205796521,
          -0.10499769109083554,
          -0.04335020893002285
        ],
        [
          0.1271383146638294,
          0.9904461538052277,
          0.053406604097354815,
          0.20490037848744455
        ],
        [
          0.0,
          0.0,
          0.0,
          1.0
        ]
      ]
    },
    {
      "file_path": "./images/0001.jpg",
      "sharpness": 96.48836914061442,
      "transform_matrix": [
        [
          0.3319305738463193,
          -0.05094002070873271,
          0.9419273902167297,
          6.165751188897971
        ],
        [
          0.943158344636576,
          0.0003860403148767681,
          -0.3323434788217703,
          -2.054549055226077
        ],
        [
          0.016565961747282976,
          0.9987016397640532,
          0.048172644190646055,
          -0.08676022578479112
        ],
        [
          0.0,
          0.0,
          0.0,
          1.0
        ]
      ]
    },
    {
      "file_path": "./images/0002.jpg",
      "sharpness": 95.4384341712481,
      "transform_matrix": [
        [
          0.3393967341921108,
          -0.03242189727519734,
          0.9400843990839644,
          6.083255035223801
        ],
        [
          0.9406339940965135,
          0.01614860666009192,
          -0.3390382156233503,
          -1.8185450387454671
        ],
        [
          -0.004188790988789351,
          0.9993438062470561,
          0.03597792309234388,
          0.07626313684364525
        ],
        [
          0.0,
          0.0,
          0.0,
          1.0
        ]
      ]
    },
    {
      "file_path": "./images/0007.jpg",
      "sharpness": 87.84029087306715,
      "transform_matrix": [
        [
          0.0578770439778533,
          -0.06820471743475531,
          0.99599114669975,
          5.061574017961945
        ],
        [
          0.9866482821424298,
          -0.14822618950971606,
          -0.06748454703789022,
          0.28239590989796365
        ],
        [
          0.1522347369226483,
          0.9865987600171148,
          0.05871517360208767,
          -0.20210653229548342
        ],
        [
          0.0,
          0.0,
          0.0,
          1.0
        ]
      ]
    },
    {
      "file_path": "./images/0067.jpg",
      "sharpness": 80.38512688810445,
      "transform_matrix": [
        [
          0.3245026078013671,
          -0.18184615927598202,
          0.9282402877977979,
          2.360685309672795
        ],
        [
          0.9131461886803102,
          0.3161776122157364,
          -0.2572853583713348,
          -0.2821024446757355
        ],
        [
          -0.24670244350058382,
          0.9311088507226807,
          0.26865258696143146,
          0.6441640189382091
        ],
        [
          0.0,
          0.0,
          0.0,
          1.0
        ]
      ]
    },
    {
      "file_path": "./images/0071.jpg",
      "sharpness": 110.84827554770459,
      "transform_matrix": [
        [
          0.3701907238773169,
          -0.05277120578916028,
          0.9274556743041678,
          3.564090016053523
        ],
        [
          0.9287580059284012,
          0.0416250540915152,
          -0.36834212533440397,
          -1.143148188708381
        ],
        [
          -0.01916753451355523,
          0.9977387206657721,
          0.06442088876474826,
          -0.18971443912711636
        ],
        [
          0.0,
          0.0,
          0.0,
          1.0
        ]
      ]
    },
    {
      "file_path": "./images/0069.jpg",
      "sharpness": 112.79148721618535,
      "transform_matrix": [
        [
          0.3851508105835986,
          -0.08782371383383418,
          0.9186652537238371,
          3.0089949954243638
        ],
        [
          0.9025579748771408,
          0.24346911701872914,
          -0.35512236066443686,
          -0.6866321743238413
        ],
        [
          -0.19247845358094032,
          0.96592431605725,
          0.17303832107589143,
          0.14064405516991407
        ],
        [
          0.0,
          0.0,
          0.0,
          1.0
        ]
      ]
    },
    {
      "file_path": "./images/0073.jpg",
      "sharpness": 90.47887243651289,
      "transform_matrix": [
        [
          0.4492617895180669,
          0.03953943462875731,
          0.8925247770188313,
          4.604800485678397
        ],
        [
          0.8934000390353969,
          -0.020401262876567763,
          -0.4487985725519635,
          -2.306582232252327
        ],
        [
          0.00046339077891328304,
          0.9990097204665319,
          -0.04449004030912466,
          -0.07554034285079765
        ],
        [
          0.0,
          0.0,
          0.0,
          1.0
        ]
      ]
    },
    {
      "file_path": "./images/0068.jpg",
      "sharpness": 117.07774070078531,
      "transform_matrix": [
        [
          0.35501632461104415,
          -0.12167653891389954,
          0.9269078860069387,
          2.676908761664856
        ],
        [
          0.9092388726929767,
          0.2754749374950381,
          -0.3120868968671986,
          -0.5273551555240308
        ],
        [
          -0.2173662385102395,
          0.953576624448238,
          0.2084311389072026,
          0.37782536398925753
        ],
        [
          0.0,
          0.0,
          0.0,
          1.0
        ]
      ]
    },
    {
      "file_path": "./images/0070.jpg",
      "sharpness": 129.55879113900926,
      "transform_matrix": [
        [
          0.3752777749874489,
          -0.09026735859483054,
          0.9225065829450944,
          3.251866788918023
        ],
        [
          0.9212530282740942,
          0.14613445251492205,
          -0.36046855574940595,
          -0.8384064165258627
        ],
        [
          -0.10227145005610065,
          0.9851378206955312,
          0.13800008964860017,
          0.06043581670052573
        ],
        [
          0.0,
          0.0,
          0.0,
          1.0
        ]
      ]
    },
    {
      "file_path": "./images/0072.jpg",
      "sharpness": 111.71807503396381,
      "transform_matrix": [
        [
          0.4107072906323686,
          0.021222925850398665,
          0.9115202185601916,
          3.9124731367867636
        ],
        [
          0.9117053780882304,
          0.0020873900997058887,
          -0.41083931940316487,
          -1.6337341882241974
        ],
        [
          -0.010621910692025938,
          0.9997725892548064,
          -0.018491749304233227,
          -0.23221529446673772
        ],
        [
          0.0,
          0.0,
          0.0,
          1.0
        ]
      ]
    },
    {
      "file_path": "./images/0005.jpg",
      "sharpness": 100.74547415923014,
      "transform_matrix": [
        [
          0.15574922983777922,
          -0.06801106653351334,
          0.9854525215545215,
          5.775150719455192
        ],
        [
          0.9771760093394414,
          -0.1352912548255885,
          -0.16377827432003655,
          -0.4321328462639826
        ],
        [
          0.1444618433236755,
          0.9884689024956436,
          0.04538727384326561,
          0.3576544165359303
        ],
        [
          0.0,
          0.0,
          0.0,
          1.0
        ]
      ]
    },
    {
      "file_path": "./images/0074.jpg",
      "sharpness": 107.0084895812565,
      "transform_matrix": [
        [
          0.39559411443004194,
          0.06702263861346842,
          0.9159766713982683,
          5.20029947198719
        ],
        [
          0.9183711358606294,
          -0.03971278090170436,
          -0.3937224299569409,
          -2.656621071066539
        ],
        [
          0.009987664725291182,
          0.9969608121439265,
          -0.07726179914419153,
          0.24326208043223285
        ],
        [
          0.0,
          0.0,
          0.0,
          1.0
        ]
      ]
    },
    {
      "file_path": "./images/0015.jpg",
      "sharpness": 82.90899085583041,
      "transform_matrix": [
        [
          -0.5243466206513246,
          0.22973058801368854,
          0.8199295569417366,
          2.3181350662165743
        ],
        [
          0.7319540995587687,
          -0.37041532976374525,
          0.5718703346172238,
          1.4741707527272243
        ],
        [
          0.4350905854568148,
          0.9000090779601928,
          0.026073780708399868,
          0.23006674129507568
        ],
        [
          0.0,
          0.0,
          0.0,
          1.0
        ]
      ]
    },
    {
      "file_path": "./images/0075.jpg",
      "sharpness": 110.0699522511753,
      "transform_matrix": [
        [
          0.306561544328778,
          0.0354013017191018,
          0.9511922872792861,
          5.667851844891597
        ],
        [
          0.9499246626706344,
          -0.07492018767012588,
          -0.30336463328747104,
          -2.24748621672508
        ],
        [
          0.060524001759425954,
          0.9965609431040255,
          -0.05659621802717484,
          0.3007444924837976
        ],
        [
          0.0,
          0.0,
          0.0,
          1.0
        ]
      ]
    },
    {
      "file_path": "./images/0004.jpg",
      "sharpness": 100.67518443241354,
      "transform_matrix": [
        [
          0.1557192552064952,
          -0.06906544473760623,
          0.9853839241155617,
          6.124228009821093
        ],
        [
          0.9783512397995379,
          -0.12687196041108512,
          -0.16350032796371694,
          -0.8958696261571517
        ],
        [
          0.13630981307566786,
          0.9895117331335213,
          0.047813856304541366,
          0.267330829679575
        ],
        [
          0.0,
          0.0,
          0.0,
          1.0
        ]
      ]
    },
    {
      "file_path": "./images/0077.jpg",
      "sharpness": 96.70167323638066,
      "transform_matrix": [
        [
          0.1434538518370206,
          -0.04521596699375123,
          0.9886235424701327,
          5.696067738886059
        ],
        [
          0.9776151730088816,
          -0.14888586910349513,
          -0.14866597285256256,
          -1.3723141675947625
        ],
        [
          0.15391415105843723,
          0.9878200819553904,
          0.022845563988361114,
          0.4692373985399434
        ],
        [
          0.0,
          0.0,
          0.0,
          1.0
        ]
      ]
    },
    {
      "file_path": "./images/0017.jpg",
      "sharpness": 79.09830801638384,
      "transform_matrix": [
        [
          -0.5359387065454497,
          0.24346589650669564,
          0.8083897946342675,
          2.2340259310004464
        ],
        [
          0.7220684171247403,
          -0.3639817364112406,
          0.5883319611835799,
          1.5862744366693715
        ],
        [
          0.43747788952120975,
          0.8990226097274353,
          0.019272866503961473,
          0.30337942271022206
        ],
        [
          0.0,
          0.0,
          0.0,
          1.0
        ]
      ]
    },
    {
      "file_path": "./images/0076.jpg",
      "sharpness": 117.67860322480259,
      "transform_matrix": [
        [
          0.24747718261964016,
          -0.01120583105576024,
          0.9688289185595398,
          5.998479373498685
        ],
        [
          0.9621096887822823,
          -0.11527968814593809,
          -0.2470941930768969,
          -1.614359657990975
        ],
        [
          0.1144551913807893,
          0.9932698640629375,
          -0.017747853806023207,
          0.28054763178871567
        ],
        [
          0.0,
          0.0,
          0.0,
          1.0
        ]
      ]
    },
    {
      "file_path": "./images/0018.jpg",
      "sharpness": 79.93095585857911,
      "transform_matrix": [
        [
          -0.5182819395623657,
          0.23672718844996365,
          0.821793203534989,
          2.344491978886484
        ],
        [
          0.7360213219643525,
          -0.36585966576509904,
          0.5695781935609759,
          1.5306489490487336
        ],
        [
          0.43549563113744005,
          0.9000594109383541,
          0.015382198992527768,
          0.44006042727947786
        ],
        [
          0.0,
          0.0,
          0.0,
          1.0
        ]
      ]
    },
    {
      "file_path": "./images/0078.jpg",
      "sharpness": 95.6618722329976,
      "transform_matrix": [
        [
          0.03542197975038185,
          -0.0835390234785011,
          0.9958747486060052,
          5.220450947044317
        ],
        [
          0.9849025240410239,
          -0.1660419277817395,
          -0.0489601506965767,
          -1.1784232988385177
        ],
        [
          0.16944704626624862,
          0.9825738189973243,
          0.07639626127629891,
          0.6689190942731141
        ],
        [
          0.0,
          0.0,
          0.0,
          1.0
        ]
      ]
    },
    {
      "file_path": "./images/0020.jpg",
      "sharpness": 63.12047464723819,
      "transform_matrix": [
        [
          -0.46992037118371377,
          0.08266450089317906,
          0.8788295767911402,
          2.8761903724039666
        ],
        [
          0.7568554600349653,
          -0.4746165452420012,
          0.4493427951997182,
          1.4490784091228015
        ],
        [
          0.45425175548823166,
          0.8763022967435713,
          0.16046690425798527,
          0.9382226048409437
        ],
        [
          0.0,
          0.0,
          0.0,
          1.0
        ]
      ]
    },
    {
      "file_path": "./images/0079.jpg",
      "sharpness": 105.54279235839851,
      "transform_matrix": [
        [
          -0.010340881564919094,
          -0.11735425976773123,
          0.9930362752120794,
          5.158698628373594
        ],
        [
          0.9814752333558681,
          -0.19118906319480158,
          -0.012373698874055102,
          -0.6562669947829364
        ],
        [
          0.19130978144820615,
          0.974512554990041,
          0.1171573629498444,
          0.8342991530163315
        ],
        [
          0.0,
          0.0,
          0.0,
          1.0
        ]
      ]
    },
    {
      "file_path": "./images/0019.jpg",
      "sharpness": 72.19083712598544,
      "transform_matrix": [
        [
          -0.49327983036324885,
          0.19173541518349377,
          0.8484765992798327,
          2.547993098232018
        ],
        [
          0.7386874859514416,
          -0.42276486237307076,
          0.5249863514811641,
          1.4878259958678888
        ],
        [
          0.4593645687882183,
          0.8857242244122981,
          0.0669088277851796,
          0.5635699631596608
        ],
        [
          0.0,
          0.0,
          0.0,
          1.0
        ]
      ]
    },
    {
      "file_path": "./images/0080.jpg",
      "sharpness": 85.602515704062,
      "transform_matrix": [
        [
          -0.06014615158217532,
          -0.13171212751557182,
          0.9894616495445531,
          5.200240575775505
        ],
        [
          0.9632725057966257,
          -0.2675440749748059,
          0.022940085489221693,
          -0.08181611109614333
        ],
        [
          0.2617031142852686,
          0.9545009604055872,
          0.14296641760407705,
          1.1872975170065188
        ],
        [
          0.0,
          0.0,
          0.0,
          1.0
        ]
      ]
    },
    {
      "file_path": "./images/0021.jpg",
      "sharpness": 69.41651801129447,
      "transform_matrix": [
        [
          -0.43033514667977485,
          -0.03595531532560481,
          0.90195281297648,
          3.36516033071658
        ],
        [
          0.7745653635407524,
          -0.5278115496340197,
          0.3485160909857738,
          1.2958319207783306
        ],
        [
          0.4635301059664384,
          0.8486001316143563,
          0.25498560251743463,
          1.407129440180408
        ],
        [
          0.0,
          0.0,
          0.0,
          1.0
        ]
      ]
    },
    {
      "file_path": "./images/0081.jpg",
      "sharpness": 97.67296328358123,
      "transform_matrix": [
        [
          -0.09802026512020795,
          -0.1896658099031098,
          0.9769436566065689,
          4.761319329334226
        ],
        [
          0.9592611366801075,
          -0.27938059521424313,
          0.04200660273112414,
          0.022629863104259126
        ],
        [
          0.2649718839452456,
          0.9412615808453421,
          0.20932400040935187,
          1.740681016293801
        ],
        [
          0.0,
          0.0,
          0.0,
          1.0
        ]
      ]
    },
    {
      "file_path": "./images/0028.jpg",
      "sharpness": 61.68152438080283,
      "transform_matrix": [
        [
          0.3942348968119124,
          -0.07828299683942146,
          0.9156694919815731,
          4.805952071900353
        ],
        [
          0.9143521878001862,
          0.13359588493005795,
          -0.3822462768881537,
          -3.258771935796777
        ],
        [
          -0.0924062919992189,
          0.9879392248209753,
          0.12424638933757755,
          0.8917851023345698
        ],
        [
          0.0,
          0.0,
          0.0,
          1.0
        ]
      ]
    },
    {
      "file_path": "./images/0082.jpg",
      "sharpness": 99.66598412896498,
      "transform_matrix": [
        [
          -0.19267045008411787,
          -0.25551288273637157,
          0.9474129323712995,
          4.2937114398719505
        ],
        [
          0.9231100031721681,
          -0.37463677968508463,
          0.08669028406203781,
          0.024757427721244674
        ],
        [
          0.33278524562966044,
          0.8912690110547762,
          0.30804793495329147,
          2.278025181049523
        ],
        [
          0.0,
          0.0,
          0.0,
          1.0
        ]
      ]
    },
    {
      "file_path": "./images/0023.jpg",
      "sharpness": 96.17733999274807,
      "transform_matrix": [
        [
          -0.19473327835396287,
          -0.16265875174888586,
          0.9672750802048322,
          4.460549405734267
        ],
        [
          0.9178573961509507,
          -0.3779436371186585,
          0.12122874037374166,
          0.5708688502163112
        ],
        [
          0.3458565463215738,
          0.9114278565222096,
          0.2228957418305331,
          1.5252139879953146
        ],
        [
          0.0,
          0.0,
          0.0,
          1.0
        ]
      ]
    },
    {
      "file_path": "./images/0095.jpg",
      "sharpness": 34.933079188664756,
      "transform_matrix": [
        [
          -0.7517638393126929,
          -0.45609017840375216,
          0.47626975451914316,
          1.284395188626484
        ],
        [
          0.5509762778490847,
          -0.8312655739951345,
          0.07363889419454381,
